spawns:
  default:
    world: 9634886a-adcf-4151-93d9-488f9770b79a
    world-name: world
    x: -2091.738500813417
    y: 72.0
    z: -1121.3667367791115
    yaw: 90.398681640625
    pitch: -10.498224258422852
